333333333333333333333333333333333333333333333333333333333333333333333333333333333333333333333333333333333333333333333333333333333333333333333333333333
3                                                                                                                                                    3
3                                                  7                                                                                                 3
3                                                                                                                                                    3
3                                                                                                                                                    3
3                                                 222                                                                                                3
3                                                          22                                                                                        3
3                                                                                                                                                    3
3                                                                                                                                      5             3
3                                                                22           222                                                      4             3
3                                                                                                                          1           4             3
3                                                                                     22                                  11           4             3
3                                                                        22                                              111           4             3
3                                                                                                                       1111           4             3
3             22722                1  1                              22                                                11111           4             3
3                                 11  11                                                                              111111           4             3
3                                111  111      6            6       1                     1                6         1111111           1             3
311111111111111111111111111111111111  1111111111111111111111111111111                     111111111111111111111111111111111111111111111111111111111113
311111111111111111111111111111111111001111111111111111111111111111111000000000000000000000111111111111111111111111111111111111111111111111111111111113
333333333333333333333333333333333333333333333333333333333333333333333333333333333333333333333333333333333333333333333333333333333333333333333333333333